input_highsierra/dem_highsierra.asc
ncols        489
nrows        262
xllcorner    -118.305972222165
yllcorner    36.536527777820
cellsize     0.000277777778
NODATA_value -9999
[rows 190 to 227 of 262, columns 0 to 83 of 489]
3568 3566 3564 3567 3574 3571 3574 3572 3573 3574 3576 3581 3589 3596 3603 3610 3619 3628 3636 3645 3652 3658 3665 3674 3684 3694 3703 3709 3713 3717 3720 3724 3728 3733 3741 3752 3766 3780 3793 3806 3819 3833 3861 3891 3925 3952 3971 3976 4006 4021 4035 4049 4067 4083 4093 4098 4101 4099 4100 4097 4095 4094 4094 4095 4096 4097 4097 4095 4095 4094 4090 4089 4070 4056 4049 4044 4029 4021 4024 4029 4031 4041 4040 4039
3569 3565 3562 3563 3569 3574 3577 3577 3578 3578 3580 3583 3588 3595 3602 3611 3619 3627 3633 3640 3647 3652 3659 3667 3675 3682 3690 3701 3710 3719 3724 3729 3734 3739 3747 3755 3765 3777 3790 3802 3816 3832 3856 3891 3911 3952 3962 3973 3995 4007 4022 4037 4058 4077 4087 4091 4091 4089 4088 4086 4084 4082 4084 4086 4086 4085 4085 4084 4083 4085 4083 4068 4059 4052 4047 4040 4031 4027 4027 4027 4030 4035 4033 4040
3571 3566 3565 3565 3570 3572 3573 3574 3575 3577 3579 3583 3591 3597 3603 3612 3617 3624 3630 3635 3640 3647 3655 3662 3669 3675 3682 3692 3706 3717 3725 3731 3737 3743 3749 3757 3766 3778 3789 3801 3815 3833 3853 3888 3916 3940 3957 3973 3992 4003 4017 4033 4053 4069 4080 4082 4083 4080 4078 4075 4073 4072 4071 4074 4076 4075 4075 4074 4072 4067 4064 4053 4045 4042 4036 4028 4022 4020 4020 4023 4025 4025 4026 4029
3570 3571 3569 3566 3569 3571 3570 3570 3573 3575 3576 3580 3586 3593 3601 3606 3611 3617 3623 3628 3633 3639 3647 3655 3664 3673 3679 3690 3706 3718 3728 3735 3740 3746 3753 3758 3766 3778 3790 3803 3827 3844 3866 3896 3920 3933 3946 3974 3994 4007 4024 4045 4055 4067 4074 4075 4072 4067 4064 4063 4061 4060 4060 4062 4063 4065 4065 4061 4059 4053 4045 4036 4033 4028 4019 4014 4009 4007 4007 4007 4005 4006 4007 4009
3569 3567 3565 3567 3571 3572 3574 3572 3575 3574 3573 3575 3580 3586 3593 3600 3606 3612 3620 3627 3633 3638 3643 3653 3663 3674 3684 3694 3707 3722 3733 3740 3747 3752 3759 3764 3774 3785 3801 3818 3846 3863 3883 3920 3935 3952 3968 3990 4008 4025 4038 4055 4064 4068 4068 4065 4058 4053 4047 4048 4048 4047 4048 4052 4051 4049 4047 4046 4040 4035 4026 4014 4009 4002 3994 3987 3984 3980 3978 3978 3977 3972 3976 3982
3572 3570 3571 3570 3572 3575 3574 3573 3573 3574 3575 3577 3579 3584 3591 3598 3605 3611 3618 3627 3633 3642 3648 3654 3666 3676 3689 3698 3713 3726 3736 3744 3753 3760 3765 3772 3784 3797 3813 3847 3874 3890 3912 3937 3946 3971 3989 4008 4026 4043 4053 4060 4065 4064 4059 4052 4044 4042 4040 4039 4040 4037 4038 4040 4040 4040 4033 4028 4022 4017 4011 4001 3988 3970 3967 3964 3964 3956 3954 3950 3946 3945 3945 3953
3575 3574 3574 3575 3575 3573 3573 3576 3575 3578 3578 3580 3583 3587 3593 3601 3606 3613 3621 3629 3637 3646 3654 3663 3675 3687 3695 3706 3718 3728 3733 3744 3755 3765 3773 3784 3801 3812 3837 3870 3891 3919 3940 3960 3975 3990 4016 4037 4051 4061 4065 4068 4064 4059 4050 4037 4032 4031 4031 4031 4031 4028 4030 4027 4027 4027 4022 4017 4014 4007 3996 3986 3967 3952 3950 3949 3940 3932 3926 3927 3926 3926 3924 3923
3584 3579 3577 3577 3578 3578 3576 3577 3577 3581 3585 3585 3589 3594 3597 3604 3610 3618 3627 3637 3646 3658 3667 3677 3685 3697 3705 3712 3721 3728 3738 3749 3761 3780 3789 3799 3812 3838 3862 3889 3919 3947 3961 3976 3994 4018 4040 4064 4073 4074 4071 4067 4056 4046 4036 4030 4022 4022 4021 4021 4022 4021 4020 4016 4010 4007 4004 4000 3996 3985 3971 3959 3945 3940 3937 3927 3919 3912 3909 3908 3900 3895 3895 3895
3600 3599 3600 3599 3597 3594 3597 3600 3600 3597 3594 3591 3598 3601 3606 3610 3618 3626 3638 3646 3655 3667 3676 3685 3698 3710 3715 3721 3728 3737 3749 3763 3776 3788 3800 3815 3837 3868 3901 3922 3941 3962 3979 4000 4022 4039 4058 4070 4075 4075 4068 4056 4044 4033 4022 4016 4011 4009 4009 4010 4011 4009 4007 4001 3996 3994 3991 3986 3979 3970 3956 3944 3933 3921 3916 3909 3903 3901 3893 3888 3882 3877 3873 3872
3643 3639 3637 3636 3634 3640 3646 3654 3661 3651 3635 3626 3622 3622 3629 3632 3638 3642 3649 3656 3663 3675 3683 3691 3708 3713 3722 3731 3743 3754 3770 3779 3787 3802 3824 3851 3882 3904 3926 3946 3975 3996 4015 4035 4048 4061 4068 4071 4069 4062 4050 4041 4029 4020 4012 4008 4000 3997 3997 3999 3999 4000 3996 3991 3985 3982 3979 3974 3966 3955 3937 3925 3912 3902 3895 3893 3893 3884 3877 3871 3867 3857 3849 3843
3675 3673 3676 3677 3677 3672 3677 3677 3679 3679 3667 3655 3645 3651 3659 3657 3655 3657 3664 3671 3680 3693 3701 3712 3716 3723 3733 3744 3757 3774 3784 3794 3809 3837 3875 3892 3918 3946 3963 3990 4010 4032 4046 4053 4061 4069 4063 4063 4054 4045 4035 4026 4016 4008 4003 3999 3992 3990 3987 3988 3991 3992 3988 3980 3970 3967 3966 3959 3949 3937 3918 3901 3890 3882 3877 3875 3871 3865 3853 3845 3838 3833 3826 3823
3707 3704 3700 3701 3702 3715 3716 3718 3723 3719 3715 3711 3709 3712 3708 3708 3697 3691 3698 3701 3706 3709 3715 3723 3731 3739 3752 3759 3775 3793 3803 3819 3832 3872 3899 3924 3965 3983 3998 4027 4044 4053 4056 4061 4063 4063 4057 4049 4041 4032 4024 4015 4005 3998 3993 3987 3983 3982 3981 3979 3979 3980 3976 3968 3956 3949 3945 3938 3926 3910 3892 3881 3876 3868 3863 3857 3850 3838 3822 3816 3814 3808 3804 3802
3744 3749 3744 3738 3742 3738 3737 3735 3747 3756 3762 3766 3750 3743 3744 3736 3729 3715 3713 3717 3743 3738 3742 3747 3752 3760 3772 3783 3818 3826 3832 3851 3868 3898 3941 3965 3998 4017 4034 4045 4051 4055 4058 4056 4052 4048 4041 4034 4027 4018 4010 4001 3992 3985 3977 3973 3971 3971 3970 3970 3970 3968 3958 3948 3938 3930 3924 3917 3907 3893 3879 3869 3862 3856 3846 3838 3825 3814 3806 3799 3796 3788 3783 3783
3793 3789 3784 3766 3770 3756 3755 3759 3767 3779 3789 3794 3796 3792 3791 3798 3765 3770 3755 3753 3752 3764 3768 3778 3778 3788 3801 3829 3838 3848 3861 3879 3901 3936 3985 4003 4024 4032 4037 4042 4046 4046 4042 4036 4030 4026 4023 4019 4011 4000 3990 3984 3977 3971 3965 3961 3960 3960 3960 3959 3959 3954 3943 3936 3924 3914 3909 3897 3890 3885 3869 3851 3843 3836 3826 3817 3805 3795 3788 3780 3772 3767 3765 3768
3823 3819 3815 3805 3788 3781 3775 3777 3786 3795 3811 3810 3812 3811 3808 3810 3802 3803 3810 3816 3804 3804 3801 3802 3816 3828 3853 3867 3863 3880 3897 3906 3935 3989 4015 4025 4030 4031 4033 4031 4026 4019 4012 4011 4007 4006 4004 3997 3986 3979 3972 3967 3962 3955 3951 3950 3949 3946 3948 3947 3944 3937 3930 3922 3911 3901 3893 3882 3874 3862 3851 3841 3829 3817 3806 3799 3790 3779 3769 3763 3758 3757 3758 3767
3856 3849 3843 3830 3821 3817 3817 3814 3814 3817 3825 3827 3832 3830 3835 3823 3830 3836 3839 3835 3840 3843 3843 3847 3858 3870 3881 3896 3909 3920 3921 3956 3974 4015 4020 4022 4027 4021 4015 4004 3993 3982 3979 3979 3978 3975 3972 3966 3959 3955 3952 3949 3947 3943 3940 3938 3939 3937 3936 3933 3933 3926 3915 3908 3895 3878 3870 3862 3855 3848 3839 3829 3816 3803 3792 3782 3772 3761 3757 3750 3748 3750 3756 3764
3889 3885 3883 3875 3858 3856 3856 3847 3841 3844 3856 3863 3865 3869 3869 3868 3875 3872 3869 3869 3868 3873 3874 3875 3889 3918 3937 3961 3957 3954 3968 3978 3993 4009 4021 4020 4011 3997 3985 3975 3971 3964 3964 3962 3955 3951 3947 3944 3941 3939 3936 3934 3929 3928 3928 3927 3927 3927 3924 3919 3911 3903 3895 3883 3873 3858 3851 3841 3834 3825 3818 3810 3800 3787 3775 3759 3753 3748 3741 3738 3737 3743 3754 3765
3919 3928 3925 3924 3910 3898 3897 3902 3900 3886 3889 3915 3908 3890 3887 3890 3885 3906 3915 3919 3903 3883 3884 3924 3932 3943 3962 3966 3980 3986 3988 3986 3993 4000 4002 3992 3982 3971 3962 3954 3947 3944 3936 3936 3935 3932 3930 3929 3925 3920 3916 3912 3909 3910 3911 3912 3911 3908 3901 3897 3890 3882 3874 3861 3851 3847 3834 3824 3813 3806 3796 3786 3778 3765 3747 3739 3736 3731 3726 3724 3729 3737 3751 3765
3951 3956 3958 3960 3962 3966 3970 3973 3945 3935 3937 3934 3932 3933 3906 3902 3901 3913 3936 3931 3927 3930 3938 3961 3964 3972 3969 3978 3989 3987 4001 3998 3994 3987 3980 3971 3965 3955 3946 3938 3931 3922 3912 3904 3907 3912 3909 3901 3897 3896 3892 3891 3893 3895 3895 3893 3891 3888 3882 3878 3870 3866 3854 3844 3836 3823 3813 3805 3794 3780 3771 3762 3752 3739 3730 3726 3725 3721 3718 3720 3721 3731 3747 3761
3948 3952 3963 3964 3965 3971 3977 3978 3958 3954 3954 3948 3939 3950 3951 3937 3933 3938 3941 3945 3938 3942 3957 3960 3969 3971 3974 3980 3984 3984 3982 3977 3972 3965 3957 3949 3944 3937 3928 3915 3904 3895 3890 3885 3884 3882 3877 3874 3873 3869 3864 3865 3867 3866 3865 3867 3865 3865 3860 3857 3850 3841 3832 3823 3814 3804 3796 3779 3765 3755 3746 3738 3732 3722 3717 3717 3714 3714 3712 3717 3719 3730 3743 3754
3943 3947 3949 3952 3955 3957 3960 3959 3958 3958 3954 3954 3950 3949 3945 3944 3941 3947 3948 3942 3941 3946 3954 3959 3959 3969 3965 3965 3965 3956 3954 3951 3948 3940 3932 3929 3924 3915 3907 3894 3884 3883 3876 3868 3865 3860 3855 3852 3844 3840 3834 3836 3836 3836 3835 3838 3839 3836 3833 3826 3824 3820 3810 3804 3793 3779 3764 3755 3747 3739 3730 3719 3712 3709 3707 3707 3708 3710 3712 3714 3718 3726 3739 3748
3911 3915 3921 3924 3929 3934 3937 3938 3936 3933 3932 3929 3927 3928 3932 3935 3935 3936 3940 3941 3939 3940 3941 3943 3938 3938 3938 3938 3936 3935 3930 3925 3922 3921 3915 3910 3903 3894 3886 3877 3870 3865 3854 3846 3841 3834 3830 3826 3821 3814 3813 3812 3815 3818 3818 3816 3814 3811 3809 3807 3804 3797 3785 3775 3759 3750 3743 3738 3728 3719 3714 3704 3696 3696 3694 3695 3699 3703 3707 3711 3717 3726 3740 3750
3882 3886 3891 3897 3904 3909 3911 3911 3911 3910 3911 3909 3910 3912 3917 3918 3920 3918 3920 3923 3922 3919 3918 3917 3916 3920 3919 3917 3913 3908 3907 3907 3905 3902 3897 3893 3885 3878 3865 3857 3846 3836 3828 3821 3815 3807 3804 3799 3794 3789 3787 3787 3786 3785 3787 3787 3787 3789 3790 3787 3780 3773 3761 3748 3738 3733 3727 3717 3707 3702 3699 3695 3690 3688 3688 3690 3693 3697 3703 3711 3720 3730 3743 3756
3859 3865 3870 3874 3879 3884 3888 3891 3891 3891 3891 3892 3893 3896 3899 3899 3900 3900 3900 3900 3898 3895 3897 3899 3900 3903 3900 3898 3894 3891 3891 3888 3886 3879 3874 3871 3863 3857 3844 3835 3828 3818 3810 3801 3793 3787 3783 3779 3769 3766 3764 3762 3758 3754 3753 3753 3756 3758 3758 3756 3750 3737 3720 3712 3708 3708 3705 3699 3695 3693 3691 3690 3687 3686 3687 3689 3694 3699 3704 3711 3723 3736 3749 3763
3829 3833 3840 3846 3851 3857 3860 3865 3870 3872 3873 3873 3871 3872 3873 3874 3877 3878 3879 3878 3880 3877 3877 3881 3878 3877 3873 3871 3873 3873 3872 3868 3864 3860 3854 3851 3844 3836 3819 3809 3802 3796 3785 3776 3772 3764 3761 3758 3754 3748 3746 3742 3737 3734 3733 3730 3727 3724 3720 3714 3710 3703 3695 3696 3694 3693 3691 3690 3689 3688 3688 3687 3688 3686 3688 3691 3695 3699 3705 3713 3723 3738 3754 3768
3809 3814 3818 3822 3827 3835 3841 3844 3847 3848 3849 3848 3847 3846 3849 3852 3855 3857 3856 3855 3852 3851 3851 3853 3853 3851 3850 3850 3853 3855 3853 3847 3845 3843 3839 3834 3822 3809 3801 3790 3783 3774 3769 3761 3754 3748 3744 3743 3743 3741 3735 3729 3723 3720 3716 3712 3705 3700 3697 3695 3693 3692 3691 3689 3689 3687 3686 3686 3686 3685 3687 3689 3689 3690 3692 3695 3698 3703 3709 3718 3727 3739 3754 3769
3785 3792 3797 3804 3809 3814 3820 3826 3830 3829 3828 3829 3827 3826 3826 3830 3834 3835 3835 3833 3833 3832 3830 3833 3834 3833 3832 3833 3834 3830 3828 3827 3825 3825 3821 3814 3801 3792 3786 3777 3770 3762 3757 3754 3746 3741 3734 3728 3725 3722 3721 3717 3714 3710 3702 3698 3696 3693 3691 3690 3688 3687 3685 3686 3686 3687 3688 3687 3686 3686 3688 3691 3690 3692 3697 3702 3707 3710 3715 3722 3732 3742 3755 3772
3763 3769 3777 3783 3788 3795 3800 3805 3810 3810 3809 3810 3808 3806 3808 3811 3814 3815 3818 3819 3819 3818 3817 3816 3816 3816 3817 3817 3814 3809 3808 3809 3806 3804 3803 3799 3791 3783 3775 3765 3759 3755 3751 3746 3741 3739 3735 3729 3725 3721 3714 3712 3711 3705 3700 3695 3693 3692 3689 3687 3686 3686 3686 3689 3688 3691 3695 3696 3695 3694 3693 3694 3696 3699 3705 3709 3714 3719 3727 3735 3746 3758 3771 3786
3744 3748 3754 3758 3764 3772 3780 3786 3789 3791 3791 3792 3793 3795 3797 3799 3802 3805 3808 3812 3812 3811 3810 3810 3810 3806 3807 3805 3802 3799 3798 3797 3795 3793 3789 3787 3781 3774 3768 3760 3756 3752 3750 3745 3742 3735 3731 3726 3722 3718 3714 3708 3708 3705 3702 3695 3690 3691 3690 3689 3690 3690 3689 3690 3689 3690 3693 3693 3693 3694 3695 3699 3705 3711 3717 3721 3725 3730 3741 3753 3770 3781 3791 3809
3723 3730 3736 3742 3748 3755 3761 3766 3772 3778 3783 3786 3789 3791 3792 3794 3797 3800 3801 3800 3800 3798 3799 3799 3796 3792 3791 3794 3794 3793 3792 3790 3789 3784 3780 3774 3771 3766 3762 3757 3753 3750 3747 3743 3737 3730 3726 3722 3718 3714 3712 3708 3706 3701 3697 3693 3690 3689 3689 3689 3690 3691 3689 3688 3687 3689 3692 3693 3694 3695 3700 3706 3713 3721 3726 3732 3737 3745 3758 3772 3786 3802 3816 3829
3711 3715 3720 3726 3731 3738 3746 3753 3762 3767 3772 3776 3780 3782 3784 3787 3790 3792 3791 3788 3785 3785 3785 3786 3785 3787 3788 3789 3791 3790 3789 3787 3786 3782 3777 3769 3764 3761 3756 3751 3748 3743 3740 3733 3728 3723 3720 3715 3712 3710 3708 3705 3703 3698 3695 3693 3691 3689 3689 3689 3690 3691 3691 3689 3691 3691 3692 3695 3699 3703 3708 3716 3725 3730 3735 3740 3750 3765 3779 3794 3811 3823 3833 3841
3698 3703 3709 3716 3725 3733 3740 3747 3753 3759 3764 3769 3774 3778 3781 3783 3784 3783 3781 3780 3780 3782 3785 3788 3786 3787 3787 3788 3787 3786 3782 3778 3777 3771 3767 3762 3755 3752 3746 3741 3734 3729 3726 3721 3716 3711 3709 3706 3703 3700 3698 3694 3692 3691 3689 3689 3688 3687 3688 3690 3691 3691 3692 3694 3695 3695 3697 3701 3712 3721 3731 3733 3743 3747 3752 3764 3773 3791 3806 3817 3829 3838 3845 3850
3680 3689 3698 3708 3717 3727 3738 3746 3753 3759 3764 3768 3772 3775 3777 3779 3781 3780 3779 3779 3780 3781 3782 3782 3780 3778 3779 3781 3779 3779 3775 3770 3763 3756 3751 3747 3743 3740 3734 3728 3722 3718 3714 3710 3705 3700 3697 3693 3692 3692 3690 3690 3688 3686 3686 3687 3686 3686 3689 3693 3695 3698 3698 3699 3702 3707 3714 3735 3743 3750 3751 3757 3763 3770 3784 3798 3802 3815 3824 3836 3846 3855 3863 3862
3659 3672 3685 3696 3706 3716 3731 3743 3751 3758 3762 3764 3768 3771 3771 3772 3773 3773 3772 3775 3775 3773 3771 3770 3769 3768 3767 3767 3768 3765 3759 3752 3743 3737 3733 3732 3727 3722 3717 3713 3709 3703 3699 3695 3690 3686 3685 3684 3686 3688 3687 3686 3689 3687 3687 3691 3691 3695 3700 3705 3712 3711 3719 3723 3728 3740 3756 3772 3781 3777 3780 3781 3801 3811 3821 3816 3826 3829 3841 3854 3863 3872 3873 3866
3638 3652 3667 3680 3692 3704 3716 3729 3741 3747 3754 3758 3761 3762 3763 3765 3766 3764 3763 3761 3762 3761 3761 3757 3756 3754 3750 3749 3744 3742 3736 3729 3721 3717 3714 3710 3703 3701 3694 3691 3687 3688 3685 3682 3680 3682 3682 3683 3684 3684 3683 3688 3690 3693 3698 3703 3710 3713 3720 3723 3732 3738 3743 3756 3766 3777 3789 3797 3805 3812 3815 3823 3821 3822 3822 3827 3829 3830 3856 3858 3867 3879 3879 3875
3626 3638 3652 3666 3681 3692 3702 3713 3724 3732 3736 3740 3744 3744 3745 3747 3744 3742 3740 3740 3742 3743 3744 3744 3739 3733 3732 3727 3722 3715 3710 3706 3699 3693 3689 3687 3682 3678 3675 3673 3673 3674 3673 3675 3676 3678 3679 3679 3680 3682 3686 3690 3696 3705 3712 3718 3727 3732 3738 3743 3747 3762 3784 3796 3797 3804 3815 3832 3847 3856 3849 3842 3837 3827 3822 3824 3837 3847 3864 3884 3868 3888 3887 3873
3622 3632 3644 3658 3668 3679 3686 3694 3701 3707 3710 3713 3717 3720 3722 3725 3725 3726 3727 3725 3722 3724 3721 3719 3719 3716 3712 3707 3701 3698 3695 3686 3678 3674 3670 3668 3664 3662 3661 3663 3664 3666 3668 3670 3670 3671 3672 3674 3677 3681 3687 3696 3707 3717 3726 3734 3744 3750 3753 3766 3788 3804 3816 3824 3832 3851 3864 3874 3874 3880 3881 3855 3843 3841 3843 3840 3840 3854 3866 3881 3886 3882 3885 3865
3619 3627 3639 3649 3658 3665 3671 3679 3687 3692 3697 3699 3700 3700 3701 3702 3705 3709 3710 3709 3706 3702 3698 3698 3697 3689 3686 3680 3683 3678 3675 3668 3663 3659 3657 3652 3649 3647 3646 3649 3653 3656 3658 3661 3662 3665 3666 3670 3675 3682 3692 3704 3714 3726 3738 3749 3759 3767 3780 3798 3815 3826 3838 3867 3865 3888 3903 3911 3915 3910 3893 3875 3868 3849 3852 3848 3845 3856 3873 3884 3892 3878 3876 3869
