input_highsierra/dem_highsierra.asc
ncols        489
nrows        262
xllcorner    -118.305972222165
yllcorner    36.536527777820
cellsize     0.000277777778
NODATA_value -9999
[rows 38 to 75 of 262, columns 0 to 83 of 489]
3811 3823 3829 3840 3847 3848 3845 3836 3831 3826 3821 3818 3819 3818 3815 3810 3803 3799 3797 3797 3798 3800 3802 3804 3806 3809 3812 3815 3818 3822 3826 3829 3831 3834 3838 3842 3845 3850 3856 3860 3864 3868 3868 3869 3870 3871 3873 3875 3879 3883 3886 3892 3896 3900 3904 3907 3909 3913 3915 3918 3919 3920 3922 3924 3927 3930 3933 3936 3938 3938 3938 3938 3937 3935 3933 3927 3924 3919 3915 3906 3908 3898 3902 3902
3818 3830 3844 3849 3862 3870 3870 3863 3854 3843 3836 3834 3830 3829 3828 3825 3819 3813 3808 3807 3805 3804 3806 3810 3812 3815 3816 3818 3821 3824 3826 3829 3834 3838 3841 3845 3850 3856 3861 3866 3870 3872 3874 3876 3878 3878 3878 3878 3880 3882 3886 3891 3894 3898 3901 3903 3906 3910 3914 3915 3917 3919 3922 3924 3926 3928 3932 3935 3938 3939 3940 3940 3941 3938 3934 3931 3929 3926 3920 3906 3904 3900 3904 3905
3826 3841 3851 3857 3876 3888 3888 3886 3880 3872 3862 3854 3847 3842 3839 3837 3835 3831 3827 3823 3819 3816 3817 3819 3821 3822 3823 3825 3827 3827 3830 3833 3838 3843 3848 3851 3855 3858 3864 3868 3871 3874 3877 3881 3883 3887 3887 3886 3886 3887 3889 3892 3897 3901 3905 3907 3908 3909 3910 3912 3913 3915 3917 3919 3922 3925 3928 3932 3935 3938 3940 3941 3941 3937 3935 3932 3930 3925 3923 3906 3906 3902 3901 3903
3831 3848 3858 3872 3887 3908 3907 3905 3900 3891 3882 3874 3869 3861 3854 3848 3846 3845 3842 3839 3837 3834 3831 3829 3829 3831 3833 3834 3833 3832 3834 3839 3847 3855 3858 3862 3866 3866 3869 3872 3875 3879 3883 3888 3891 3892 3893 3896 3897 3896 3898 3901 3904 3909 3912 3913 3913 3913 3912 3912 3914 3915 3917 3921 3923 3925 3928 3930 3933 3934 3936 3937 3938 3937 3934 3932 3929 3925 3915 3908 3904 3904 3905 3909
3839 3851 3864 3883 3905 3913 3920 3921 3919 3915 3910 3902 3896 3891 3882 3874 3867 3860 3856 3855 3855 3851 3847 3845 3845 3845 3847 3847 3845 3842 3842 3852 3858 3865 3869 3872 3877 3880 3884 3887 3890 3893 3894 3895 3895 3897 3900 3903 3908 3911 3912 3913 3916 3920 3921 3923 3921 3920 3917 3917 3918 3918 3919 3921 3925 3926 3927 3929 3932 3936 3938 3939 3940 3939 3936 3932 3929 3926 3916 3909 3905 3905 3907 3907
3843 3853 3868 3888 3906 3920 3931 3937 3936 3931 3924 3920 3915 3910 3906 3900 3890 3880 3872 3871 3871 3869 3865 3862 3856 3855 3856 3858 3856 3856 3858 3864 3868 3874 3877 3879 3882 3885 3888 3893 3897 3900 3902 3904 3908 3912 3914 3917 3920 3924 3925 3925 3926 3928 3928 3929 3928 3927 3925 3925 3927 3927 3926 3925 3923 3926 3925 3926 3931 3935 3940 3941 3942 3941 3939 3936 3933 3930 3920 3912 3906 3905 3906 3906
3835 3852 3872 3893 3915 3929 3942 3951 3951 3946 3938 3929 3925 3921 3920 3917 3910 3898 3887 3882 3880 3882 3881 3874 3868 3865 3867 3869 3871 3872 3873 3877 3880 3882 3884 3884 3886 3890 3893 3897 3901 3907 3911 3917 3921 3923 3924 3925 3928 3931 3933 3933 3933 3934 3935 3936 3935 3932 3932 3933 3934 3936 3937 3935 3931 3929 3930 3935 3939 3943 3946 3947 3948 3947 3946 3944 3940 3938 3930 3916 3907 3907 3907 3907
3827 3847 3873 3899 3916 3931 3946 3956 3962 3963 3961 3956 3950 3945 3942 3937 3930 3921 3910 3902 3899 3899 3897 3889 3882 3880 3880 3880 3881 3880 3884 3889 3890 3892 3891 3895 3897 3900 3901 3904 3908 3914 3919 3924 3928 3931 3932 3934 3935 3937 3939 3941 3942 3943 3944 3945 3943 3940 3938 3938 3939 3940 3941 3942 3943 3945 3946 3947 3950 3953 3956 3959 3960 3962 3958 3957 3953 3946 3938 3925 3915 3911 3909 3910
3826 3846 3873 3895 3910 3924 3941 3955 3969 3979 3988 3989 3984 3974 3966 3959 3954 3947 3940 3935 3927 3919 3913 3907 3898 3893 3890 3889 3886 3888 3892 3897 3900 3902 3906 3907 3908 3911 3916 3919 3923 3927 3931 3933 3934 3937 3938 3939 3941 3942 3945 3947 3950 3950 3950 3949 3948 3947 3945 3944 3944 3944 3946 3948 3953 3956 3957 3958 3961 3965 3970 3976 3978 3977 3973 3969 3963 3958 3947 3933 3922 3914 3910 3909
3824 3848 3869 3886 3902 3919 3936 3955 3975 3988 4012 4012 4007 3997 3988 3982 3975 3974 3971 3965 3954 3939 3929 3922 3914 3907 3905 3900 3898 3899 3903 3910 3913 3916 3917 3919 3919 3921 3924 3925 3929 3935 3939 3942 3942 3942 3943 3944 3947 3949 3952 3956 3958 3960 3957 3955 3952 3951 3950 3949 3949 3950 3954 3959 3966 3970 3972 3975 3977 3979 3981 3982 3983 3982 3978 3972 3967 3963 3956 3943 3930 3920 3913 3910
3815 3839 3860 3877 3894 3911 3930 3951 3983 4009 4013 4020 4026 4022 4013 4004 3995 3990 3986 3981 3970 3958 3951 3939 3931 3925 3924 3916 3912 3917 3920 3923 3921 3921 3923 3928 3932 3936 3939 3942 3946 3949 3953 3954 3953 3952 3953 3954 3957 3960 3965 3968 3968 3966 3963 3960 3959 3956 3953 3953 3954 3957 3963 3971 3979 3984 3988 3992 3993 3992 3991 3990 3988 3984 3978 3973 3969 3962 3956 3946 3939 3930 3922 3916
3808 3824 3846 3867 3891 3911 3929 3955 3984 4008 4016 4024 4036 4034 4028 4022 4014 4006 3998 3989 3981 3974 3966 3957 3951 3947 3940 3936 3931 3931 3932 3935 3934 3933 3933 3939 3945 3949 3952 3955 3957 3960 3962 3962 3963 3964 3966 3966 3968 3970 3971 3972 3972 3970 3969 3965 3963 3961 3960 3959 3960 3967 3975 3983 3992 3998 4002 4002 4000 3995 3995 3991 3988 3980 3968 3963 3961 3955 3949 3946 3941 3936 3931 3923
3803 3821 3846 3865 3895 3913 3930 3956 3977 3993 4012 4029 4038 4038 4034 4029 4024 4020 4012 4003 3997 3991 3987 3980 3970 3960 3957 3955 3953 3951 3950 3951 3951 3951 3949 3953 3956 3958 3957 3959 3962 3967 3970 3971 3971 3970 3970 3968 3969 3971 3973 3973 3973 3972 3969 3967 3966 3965 3966 3969 3973 3980 3990 4000 4005 4014 4007 4001 3994 3992 3985 3977 3972 3963 3956 3949 3946 3945 3944 3945 3942 3940 3937 3931
3803 3822 3847 3868 3893 3914 3934 3951 3966 3983 4000 4020 4033 4040 4042 4038 4032 4027 4024 4020 4015 4009 4004 3996 3984 3973 3969 3966 3965 3964 3964 3966 3966 3967 3963 3965 3965 3964 3963 3966 3969 3972 3973 3973 3973 3972 3971 3971 3971 3971 3971 3970 3970 3970 3968 3968 3967 3967 3970 3977 3986 3995 4005 4011 4014 4009 4008 3991 3981 3972 3963 3954 3945 3943 3938 3937 3936 3940 3943 3943 3944 3943 3941 3938
3801 3816 3836 3861 3882 3901 3920 3939 3957 3975 3998 4017 4036 4049 4056 4053 4048 4042 4037 4033 4025 4021 4015 4008 3997 3983 3977 3976 3976 3976 3976 3976 3977 3976 3974 3972 3972 3973 3974 3974 3975 3973 3972 3974 3975 3977 3977 3975 3974 3972 3968 3966 3966 3966 3966 3965 3965 3967 3975 3983 3993 4003 4013 4017 4007 3999 3989 3978 3964 3950 3938 3927 3925 3920 3921 3925 3929 3935 3940 3940 3940 3939 3940 3941
3798 3813 3832 3852 3867 3888 3914 3937 3958 3981 4009 4034 4053 4063 4070 4068 4066 4060 4053 4048 4042 4030 4021 4013 4005 3997 3990 3988 3988 3990 3988 3988 3986 3984 3981 3981 3980 3980 3979 3978 3977 3978 3979 3982 3984 3984 3983 3980 3977 3971 3966 3962 3961 3960 3960 3962 3964 3971 3978 3991 4001 4016 4024 4021 4006 3984 3970 3957 3945 3930 3920 3915 3910 3910 3911 3914 3920 3926 3932 3936 3937 3937 3939 3939
3790 3807 3827 3844 3857 3877 3912 3944 3968 3999 4028 4045 4068 4083 4088 4088 4085 4080 4077 4072 4064 4055 4040 4031 4021 4014 4004 4003 4006 4007 4006 4001 3994 3990 3989 3988 3989 3986 3983 3982 3982 3984 3985 3985 3985 3985 3985 3983 3978 3968 3964 3961 3960 3961 3961 3965 3970 3978 3990 4004 4017 4028 4033 4030 3999 3969 3954 3941 3932 3921 3912 3909 3907 3906 3907 3908 3910 3915 3921 3929 3931 3933 3933 3933
3775 3795 3818 3840 3857 3872 3912 3957 3989 4009 4030 4059 4080 4089 4095 4104 4104 4101 4095 4088 4084 4075 4068 4061 4052 4042 4033 4029 4029 4028 4025 4016 4007 4002 4002 3999 3996 3994 3989 3985 3984 3985 3986 3985 3984 3983 3983 3981 3978 3970 3965 3963 3965 3968 3971 3976 3985 3996 4010 4023 4037 4041 4039 4039 4012 3964 3946 3936 3926 3917 3912 3908 3906 3908 3906 3906 3908 3910 3915 3920 3925 3927 3927 3927
3771 3795 3816 3841 3862 3879 3914 3962 3987 4005 4027 4056 4082 4090 4106 4108 4112 4112 4107 4103 4099 4097 4093 4085 4079 4071 4062 4055 4049 4044 4041 4032 4026 4020 4016 4008 4004 4001 3998 3992 3987 3986 3985 3984 3983 3980 3979 3978 3976 3972 3970 3971 3974 3979 3986 3995 4006 4020 4029 4041 4051 4056 4052 4042 4014 3965 3950 3938 3925 3919 3915 3913 3910 3910 3909 3908 3908 3909 3910 3912 3914 3917 3920 3921
3779 3800 3817 3837 3857 3882 3931 3970 3985 3996 4017 4041 4067 4087 4102 4112 4117 4117 4116 4111 4111 4110 4109 4101 4097 4087 4079 4073 4066 4057 4051 4049 4046 4042 4036 4023 4015 4011 4006 4002 3995 3989 3986 3984 3981 3981 3979 3978 3981 3983 3988 3994 3995 4003 4010 4016 4023 4030 4040 4051 4062 4066 4061 4051 3991 3967 3953 3941 3928 3920 3917 3918 3916 3913 3914 3912 3910 3910 3910 3912 3912 3912 3915 3918
3785 3808 3824 3843 3867 3898 3926 3967 3978 3993 4007 4025 4051 4074 4096 4114 4124 4132 4133 4130 4132 4128 4124 4118 4110 4102 4097 4088 4080 4071 4064 4062 4060 4057 4050 4041 4033 4025 4018 4011 4004 3997 3995 3991 3988 3986 3986 3989 3993 4001 4007 4014 4019 4025 4030 4033 4036 4042 4052 4063 4071 4070 4067 4057 3996 3970 3959 3951 3934 3926 3924 3920 3921 3921 3915 3916 3913 3910 3910 3913 3914 3915 3918 3920
3793 3810 3825 3840 3868 3892 3921 3959 3975 3990 4004 4023 4045 4071 4092 4117 4136 4141 4160 4162 4162 4152 4149 4144 4133 4125 4119 4109 4099 4090 4084 4078 4078 4077 4068 4060 4052 4043 4034 4025 4019 4013 4007 4003 4003 4003 4004 4006 4008 4013 4018 4021 4027 4034 4040 4045 4054 4062 4072 4078 4082 4074 4067 4043 4015 3996 3969 3957 3951 3936 3931 3926 3928 3922 3920 3918 3915 3913 3912 3917 3925 3932 3934 3940
3789 3806 3817 3838 3866 3884 3921 3964 3979 3991 4008 4030 4052 4078 4102 4121 4137 4164 4176 4182 4185 4186 4180 4172 4156 4140 4132 4125 4120 4110 4104 4103 4098 4099 4095 4087 4076 4067 4051 4042 4038 4034 4029 4027 4024 4023 4022 4022 4022 4026 4030 4036 4044 4049 4055 4065 4078 4089 4099 4101 4092 4075 4072 4054 4015 3995 3971 3963 3961 3956 3944 3943 3938 3934 3933 3929 3929 3927 3933 3940 3951 3956 3960 3965
3786 3803 3820 3845 3869 3889 3926 3970 3985 3998 4018 4040 4058 4083 4105 4123 4144 4173 4184 4192 4205 4205 4202 4195 4176 4160 4150 4143 4138 4133 4129 4128 4125 4118 4114 4107 4096 4086 4076 4070 4063 4060 4060 4055 4043 4045 4041 4044 4041 4043 4050 4059 4065 4071 4077 4088 4099 4113 4122 4125 4108 4103 4077 4051 4022 3995 3971 3967 3974 3971 3969 3975 3975 3961 3951 3948 3949 3957 3969 3971 3981 3985 3991 3997
3784 3808 3828 3852 3887 3920 3954 3980 3990 4001 4023 4042 4060 4080 4103 4123 4143 4175 4191 4201 4213 4214 4200 4195 4181 4179 4168 4159 4155 4151 4148 4144 4140 4138 4137 4130 4121 4116 4108 4099 4088 4089 4089 4088 4080 4077 4073 4068 4065 4069 4072 4079 4080 4091 4102 4118 4129 4137 4144 4130 4118 4105 4101 4036 4006 3994 3974 3967 3970 3981 3984 3986 3983 3980 3979 3979 3977 3978 3984 3985 3998 4015 4019 4028
3787 3812 3831 3861 3900 3945 3982 3996 4004 4014 4031 4051 4067 4086 4112 4127 4140 4154 4177 4191 4208 4208 4192 4188 4178 4174 4169 4162 4158 4158 4151 4145 4143 4137 4135 4130 4124 4125 4122 4113 4113 4109 4105 4105 4103 4102 4104 4096 4096 4097 4096 4099 4105 4127 4138 4150 4157 4154 4149 4140 4123 4122 4089 4026 3991 3998 3980 3960 3954 3975 3981 3990 3988 3981 3971 3975 3980 3990 3989 4007 4042 4042 4043 4047
3792 3815 3836 3869 3916 3960 3994 4004 4014 4023 4038 4054 4072 4090 4109 4124 4138 4148 4158 4172 4182 4180 4177 4170 4162 4161 4164 4162 4157 4151 4145 4136 4133 4135 4132 4128 4123 4117 4115 4113 4116 4114 4108 4104 4105 4108 4111 4117 4120 4120 4122 4131 4143 4159 4175 4184 4186 4181 4163 4186 4182 4132 4094 4062 4028 3986 3975 3956 3949 3953 3970 3974 3967 3973 3975 3974 3985 3993 4008 4035 4064 4061 4055 4057
3788 3820 3846 3863 3924 3953 3991 4009 4020 4025 4036 4049 4066 4082 4103 4118 4132 4140 4144 4144 4141 4140 4142 4135 4131 4133 4142 4142 4124 4107 4105 4091 4075 4080 4082 4087 4087 4084 4085 4085 4095 4097 4102 4097 4105 4108 4115 4120 4123 4135 4144 4165 4179 4193 4203 4210 4198 4190 4186 4188 4179 4146 4093 4054 4026 4024 3976 3963 3960 3953 3967 3965 3974 3975 3979 3991 3998 4010 4034 4063 4075 4073 4068 4062
3797 3822 3848 3872 3918 3944 3961 3993 4003 4012 4025 4057 4063 4074 4095 4113 4123 4129 4133 4130 4124 4123 4120 4115 4114 4115 4114 4107 4097 4073 4061 4055 4045 4037 4031 4027 4029 4031 4028 4029 4028 4042 4066 4075 4087 4093 4097 4107 4120 4130 4171 4183 4196 4204 4215 4218 4211 4197 4197 4193 4182 4148 4096 4138 4120 4082 3992 3968 3958 3964 3973 3967 3969 3988 3999 4002 4013 4040 4059 4071 4077 4079 4073 4065
3802 3818 3845 3874 3900 3925 3945 3966 3988 3995 4019 4054 4062 4078 4101 4114 4121 4121 4116 4109 4100 4093 4090 4088 4089 4095 4092 4086 4077 4060 4042 4032 4024 4019 4016 4013 4012 4007 4002 3998 3991 3997 4013 4030 4049 4067 4073 4083 4086 4122 4172 4179 4201 4208 4211 4220 4207 4196 4181 4188 4178 4139 4092 4081 4068 4025 3986 3971 3978 3983 3984 3989 3992 4004 4017 4020 4028 4045 4065 4069 4074 4071 4064 4056
3798 3821 3847 3873 3890 3910 3930 3953 3971 3994 4018 4040 4061 4086 4104 4104 4115 4108 4094 4078 4067 4061 4060 4063 4070 4074 4073 4066 4049 4035 4021 4011 4006 4000 3996 3993 3989 3987 3985 3985 3983 3983 3986 3992 4009 4027 4039 4060 4073 4086 4127 4166 4192 4203 4206 4217 4211 4199 4173 4155 4172 4135 4084 4050 4003 4003 3912 3976 3983 4005 4001 4006 4008 4013 4019 4019 4029 4044 4054 4059 4062 4060 4052 4044
3807 3827 3849 3868 3882 3899 3923 3946 3971 3998 4039 4055 4067 4087 4091 4097 4095 4079 4058 4048 4037 4032 4037 4041 4049 4051 4045 4039 4026 4009 4000 3992 3985 3975 3968 3959 3954 3955 3954 3958 3962 3964 3969 3982 3993 4004 4017 4033 4054 4060 4089 4132 4169 4186 4195 4205 4204 4180 4160 4138 4103 4068 4054 4037 4018 4005 4010 4001 4006 4007 4008 4008 4007 4004 4002 4004 4012 4027 4038 4048 4051 4051 4038 4031
3819 3840 3857 3872 3889 3902 3929 3956 3979 4002 4036 4050 4063 4072 4081 4076 4066 4054 4040 4022 4006 4002 4009 4019 4025 4025 4023 4015 3998 3986 3975 3966 3957 3949 3942 3938 3933 3930 3925 3924 3926 3934 3945 3958 3975 3986 3997 4008 4025 4038 4057 4086 4127 4162 4174 4176 4173 4159 4147 4127 4092 4073 4056 4038 4028 4020 4012 4004 3999 3997 3994 3987 3984 3979 3980 3982 3987 3999 4014 4027 4028 4023 4013 4012
3831 3852 3871 3885 3900 3918 3946 3969 3992 4007 4027 4036 4048 4058 4051 4050 4045 4033 4017 3990 3984 3976 3978 3983 3988 3983 3978 3971 3963 3951 3942 3937 3926 3919 3916 3912 3909 3901 3897 3899 3905 3913 3923 3937 3952 3967 3979 3989 4003 4016 4040 4077 4101 4129 4139 4147 4151 4153 4124 4097 4070 4061 4045 4034 4026 4015 4013 4000 3988 3977 3972 3963 3956 3953 3953 3957 3962 3964 3971 3980 3984 3980 3986 3986
3841 3869 3890 3909 3922 3940 3963 3979 3999 4005 4014 4029 4028 4030 4029 4027 4021 4012 3996 3978 3969 3960 3954 3953 3953 3951 3942 3936 3930 3923 3916 3909 3899 3892 3886 3877 3868 3864 3865 3870 3881 3894 3904 3917 3931 3946 3961 3975 3987 4003 4023 4060 4082 4096 4110 4122 4128 4119 4108 4076 4051 4042 4035 4020 4012 4007 3997 3985 3973 3962 3954 3946 3942 3937 3934 3936 3937 3938 3937 3944 3946 3949 3953 3962
3853 3887 3915 3921 3945 3955 3968 3980 3985 3997 3992 3982 3984 3991 3994 3993 3989 3979 3968 3956 3946 3940 3939 3936 3932 3927 3921 3914 3907 3900 3893 3884 3874 3867 3860 3852 3845 3843 3846 3852 3860 3874 3889 3901 3913 3927 3941 3954 3969 3988 4008 4034 4065 4078 4088 4097 4104 4111 4084 4056 4043 4038 4019 4008 3997 3986 3974 3960 3942 3932 3922 3919 3915 3913 3911 3915 3917 3920 3919 3921 3921 3924 3929 3935
3872 3908 3922 3936 3949 3962 3964 3972 3975 3971 3964 3961 3962 3963 3963 3959 3954 3948 3937 3929 3916 3910 3908 3909 3900 3893 3886 3881 3877 3871 3863 3857 3853 3849 3845 3839 3830 3831 3836 3843 3852 3862 3874 3888 3898 3909 3923 3940 3955 3976 3995 4014 4041 4060 4069 4075 4081 4088 4064 4050 4035 4025 4012 3997 3979 3963 3941 3930 3913 3899 3891 3885 3885 3884 3891 3892 3892 3891 3890 3888 3887 3893 3900 3910
3884 3902 3924 3934 3950 3952 3962 3960 3954 3947 3941 3940 3941 3940 3937 3930 3922 3917 3908 3898 3882 3873 3870 3864 3862 3857 3854 3851 3845 3843 3840 3833 3825 3822 3820 3820 3818 3821 3825 3835 3843 3854 3863 3876 3891 3905 3919 3934 3948 3965 3981 3998 4012 4027 4043 4052 4061 4061 4052 4043 4032 4016 3997 3975 3956 3942 3925 3907 3892 3881 3873 3866 3861 3861 3864 3866 3862 3864 3865 3863 3863 3866 3870 3879
