input_highsierra/dem_highsierra.asc
ncols        489
nrows        262
xllcorner    -118.305972222165
yllcorner    36.536527777820
cellsize     0.000277777778
NODATA_value -9999
[rows 0 to 37 of 262, columns 252 to 335 of 489]
2672 2690 2724 2756 2782 2809 2827 2848 2853 2859 2864 2867 2867 2862 2854 2842 2830 2816 2798 2782 2770 2759 2743 2730 2714 2695 2689 2676 2663 2647 2643 2622 2594 2567 2555 2548 2537 2526 2503 2490 2476 2469 2445 2418 2409 2390 2375 2363 2346 2320 2290 2283 2272 2261 2246 2232 2217 2198 2181 2163 2144 2133 2125 2116 2105 2094 2087 2079 2074 2072 2069 2062 2038 2018 2005 1993 1984 1975 1969 1967 1962 1956 1951 1941
2682 2708 2749 2783 2808 2827 2843 2868 2875 2879 2881 2882 2873 2866 2856 2848 2830 2818 2803 2792 2780 2766 2750 2734 2718 2693 2689 2688 2676 2652 2636 2602 2579 2567 2556 2548 2533 2520 2493 2480 2472 2456 2444 2413 2390 2382 2370 2355 2324 2293 2287 2269 2260 2250 2236 2221 2211 2200 2182 2173 2154 2142 2134 2127 2118 2109 2103 2093 2082 2076 2072 2063 2041 2021 2009 2003 1994 1986 1979 1973 1969 1963 1959 1951
2697 2727 2775 2796 2816 2843 2874 2884 2893 2894 2895 2888 2880 2868 2857 2847 2836 2823 2814 2805 2789 2774 2759 2744 2721 2698 2698 2692 2670 2646 2633 2588 2571 2566 2556 2544 2533 2498 2485 2478 2463 2452 2422 2400 2388 2377 2361 2331 2317 2294 2284 2273 2260 2248 2235 2225 2214 2202 2193 2178 2175 2148 2151 2138 2127 2118 2111 2101 2087 2076 2068 2057 2040 2026 2017 2009 1999 1995 1990 1983 1977 1973 1970 1963
2717 2742 2771 2794 2815 2850 2885 2899 2912 2916 2913 2905 2894 2877 2864 2853 2844 2832 2825 2817 2801 2779 2768 2746 2726 2709 2699 2696 2656 2645 2630 2578 2559 2551 2547 2535 2522 2497 2484 2470 2454 2439 2415 2402 2383 2373 2352 2333 2318 2303 2291 2281 2269 2256 2244 2236 2230 2216 2204 2191 2184 2178 2171 2158 2145 2132 2125 2114 2097 2083 2073 2063 2049 2033 2022 2014 2006 2003 1999 1994 1987 1981 1975 1966
2725 2747 2764 2787 2817 2863 2893 2916 2928 2934 2927 2914 2903 2891 2879 2869 2857 2842 2832 2824 2801 2776 2762 2750 2729 2729 2697 2669 2652 2634 2620 2573 2549 2537 2529 2515 2496 2480 2482 2470 2449 2435 2414 2401 2386 2372 2357 2338 2326 2314 2302 2292 2281 2267 2254 2245 2239 2228 2212 2196 2186 2181 2176 2167 2154 2138 2129 2119 2106 2095 2089 2082 2072 2054 2037 2024 2015 2010 2006 2001 1995 1986 1975 1968
2741 2755 2776 2805 2838 2882 2912 2933 2945 2945 2937 2925 2910 2895 2884 2877 2868 2858 2846 2829 2803 2773 2768 2754 2749 2733 2693 2657 2634 2615 2608 2567 2542 2530 2521 2511 2498 2487 2476 2463 2450 2437 2422 2405 2391 2376 2363 2352 2339 2330 2320 2306 2293 2277 2264 2253 2243 2234 2224 2206 2192 2184 2179 2170 2155 2142 2133 2124 2115 2106 2099 2095 2088 2077 2054 2035 2024 2018 2012 2006 1997 1981 1970 1962
2762 2772 2805 2832 2874 2904 2933 2947 2954 2954 2946 2930 2913 2898 2887 2882 2876 2872 2860 2853 2812 2783 2779 2750 2747 2712 2680 2639 2634 2614 2586 2563 2544 2531 2525 2512 2501 2487 2479 2467 2451 2435 2428 2414 2400 2386 2373 2357 2347 2336 2324 2311 2300 2286 2275 2268 2256 2246 2237 2221 2200 2188 2178 2165 2153 2143 2136 2129 2122 2115 2107 2103 2097 2089 2072 2053 2039 2027 2018 2008 1996 1981 1970 1965
2789 2805 2831 2860 2893 2921 2939 2951 2958 2958 2948 2938 2925 2909 2895 2885 2882 2870 2862 2853 2829 2794 2777 2754 2729 2708 2668 2645 2631 2614 2591 2562 2544 2536 2536 2517 2509 2503 2485 2476 2459 2448 2437 2430 2415 2402 2383 2370 2357 2344 2327 2314 2305 2295 2287 2277 2264 2252 2239 2228 2209 2191 2177 2167 2157 2147 2137 2130 2122 2114 2107 2100 2094 2087 2075 2061 2045 2031 2020 2008 1998 1987 1978 1973
2819 2834 2850 2872 2896 2927 2943 2956 2963 2963 2957 2948 2936 2922 2907 2897 2892 2883 2868 2849 2828 2801 2772 2746 2731 2701 2657 2648 2632 2617 2592 2545 2557 2540 2537 2530 2515 2502 2495 2487 2469 2459 2456 2448 2431 2412 2398 2379 2374 2353 2330 2313 2303 2297 2288 2276 2261 2248 2235 2225 2213 2196 2185 2177 2166 2156 2145 2131 2121 2114 2106 2097 2088 2081 2074 2064 2050 2035 2024 2011 2001 1989 1982 1975
2836 2851 2865 2882 2910 2937 2956 2972 2979 2978 2970 2957 2941 2926 2912 2906 2900 2897 2877 2855 2823 2804 2775 2767 2737 2704 2674 2652 2628 2622 2584 2583 2586 2547 2533 2534 2523 2511 2504 2491 2484 2474 2468 2456 2441 2426 2406 2394 2382 2360 2341 2323 2307 2295 2282 2265 2252 2243 2234 2227 2215 2203 2191 2181 2171 2162 2148 2133 2124 2114 2106 2097 2089 2084 2079 2069 2059 2047 2032 2018 2001 1989 1982 1973
2841 2857 2878 2899 2928 2956 2977 2989 2996 2993 2982 2965 2952 2936 2924 2914 2911 2898 2879 2839 2823 2798 2781 2772 2753 2734 2707 2677 2657 2659 2584 2615 2593 2576 2548 2541 2531 2519 2513 2509 2500 2490 2475 2461 2448 2432 2409 2395 2382 2356 2344 2328 2314 2301 2285 2270 2257 2247 2240 2230 2218 2207 2196 2185 2175 2162 2150 2140 2132 2125 2116 2108 2100 2093 2087 2078 2068 2058 2045 2030 2018 2004 1987 1973
2840 2868 2893 2918 2945 2976 2986 3005 3007 3000 2988 2969 2956 2939 2927 2917 2910 2886 2885 2846 2823 2796 2771 2771 2752 2728 2710 2681 2669 2656 2626 2624 2602 2564 2567 2551 2543 2537 2518 2511 2501 2495 2476 2453 2441 2426 2402 2384 2372 2355 2342 2330 2317 2305 2294 2282 2270 2260 2249 2236 2222 2212 2203 2194 2183 2173 2163 2154 2145 2139 2133 2128 2120 2111 2099 2088 2076 2063 2049 2037 2024 2011 1993 1976
2850 2877 2908 2933 2961 2987 3007 3012 3008 2997 2981 2953 2945 2930 2922 2909 2890 2879 2852 2827 2810 2795 2768 2746 2730 2715 2701 2680 2675 2651 2642 2622 2589 2571 2566 2560 2545 2539 2518 2502 2490 2475 2458 2443 2434 2421 2398 2380 2365 2353 2344 2334 2322 2312 2301 2289 2275 2263 2253 2241 2231 2220 2211 2203 2195 2185 2174 2166 2160 2154 2147 2141 2135 2125 2111 2100 2085 2064 2052 2041 2029 2017 2000 1978
2868 2891 2918 2950 2975 2995 3011 3010 3000 2975 2951 2933 2923 2918 2913 2894 2866 2851 2837 2824 2795 2778 2751 2747 2725 2714 2702 2683 2670 2650 2626 2608 2593 2584 2571 2554 2541 2524 2500 2492 2475 2464 2452 2440 2428 2413 2396 2379 2365 2357 2349 2339 2326 2316 2305 2293 2282 2271 2259 2248 2240 2231 2222 2216 2206 2198 2184 2172 2165 2159 2154 2149 2142 2132 2122 2111 2093 2072 2053 2039 2030 2021 2008 1988
2885 2907 2932 2962 2986 3004 3009 3003 2985 2962 2937 2916 2915 2903 2890 2871 2858 2837 2824 2801 2788 2755 2752 2742 2725 2697 2682 2670 2663 2647 2623 2615 2584 2577 2553 2537 2526 2507 2485 2483 2470 2457 2449 2439 2426 2411 2402 2387 2374 2363 2352 2341 2330 2321 2311 2301 2290 2283 2272 2262 2251 2239 2230 2225 2218 2206 2193 2181 2171 2164 2161 2156 2147 2129 2118 2110 2098 2079 2053 2041 2032 2025 2017 1997
2900 2927 2950 2982 2995 3002 3000 2989 2970 2951 2927 2915 2900 2890 2877 2854 2834 2820 2806 2791 2771 2753 2745 2730 2713 2687 2674 2662 2645 2630 2610 2600 2577 2561 2549 2536 2520 2510 2481 2470 2459 2450 2443 2435 2424 2413 2407 2405 2391 2371 2356 2346 2340 2335 2327 2317 2305 2296 2288 2279 2267 2252 2240 2233 2226 2216 2202 2190 2181 2169 2160 2155 2147 2132 2120 2109 2098 2079 2057 2039 2032 2021 2012 2001
2923 2946 2981 2992 2995 2994 2986 2974 2953 2933 2917 2904 2888 2877 2863 2845 2829 2810 2793 2778 2755 2741 2731 2720 2700 2676 2659 2644 2629 2615 2598 2588 2573 2552 2539 2528 2523 2509 2486 2476 2463 2453 2444 2435 2425 2417 2412 2408 2405 2387 2371 2360 2355 2350 2341 2330 2316 2306 2301 2294 2284 2270 2256 2246 2237 2228 2214 2201 2191 2178 2162 2149 2137 2128 2118 2107 2093 2079 2065 2050 2035 2025 2013 2002
2941 2972 2994 2996 2994 2983 2967 2948 2932 2917 2905 2891 2877 2867 2854 2838 2818 2794 2776 2756 2746 2734 2722 2708 2690 2672 2651 2632 2621 2606 2601 2593 2578 2545 2533 2528 2526 2517 2501 2486 2476 2470 2465 2450 2436 2422 2417 2413 2411 2403 2393 2381 2372 2364 2359 2350 2338 2323 2315 2308 2301 2290 2275 2259 2244 2233 2224 2212 2198 2184 2164 2150 2138 2129 2119 2105 2090 2077 2063 2046 2031 2022 2015 2003
2972 3003 3011 3010 3003 2984 2958 2934 2922 2908 2893 2877 2862 2851 2838 2823 2800 2777 2763 2747 2737 2725 2714 2701 2679 2657 2641 2622 2610 2610 2605 2599 2576 2557 2546 2540 2533 2529 2516 2508 2500 2490 2485 2474 2450 2431 2422 2420 2419 2416 2409 2404 2396 2389 2383 2378 2363 2344 2333 2323 2315 2309 2294 2276 2258 2242 2230 2218 2205 2190 2173 2155 2143 2133 2121 2105 2089 2076 2059 2042 2031 2025 2018 2007
3011 3020 3026 3017 3009 2983 2953 2937 2926 2915 2891 2863 2845 2835 2822 2806 2785 2769 2758 2742 2732 2720 2707 2687 2674 2657 2636 2622 2615 2612 2611 2614 2591 2575 2562 2556 2547 2531 2535 2525 2514 2505 2498 2489 2475 2460 2443 2437 2431 2429 2431 2429 2424 2411 2404 2395 2386 2371 2353 2337 2329 2318 2311 2295 2277 2260 2244 2231 2219 2200 2174 2162 2151 2138 2122 2105 2093 2079 2063 2049 2039 2033 2025 2013
3024 3031 3035 3028 3012 2977 2946 2932 2925 2913 2891 2855 2836 2822 2807 2792 2778 2764 2748 2736 2726 2717 2705 2692 2672 2664 2647 2635 2628 2623 2613 2615 2596 2582 2579 2571 2561 2554 2548 2540 2526 2518 2513 2506 2498 2490 2477 2466 2457 2451 2455 2455 2451 2441 2430 2420 2409 2396 2379 2360 2344 2333 2319 2303 2284 2267 2251 2232 2216 2205 2184 2170 2162 2152 2135 2115 2102 2086 2071 2059 2049 2039 2028 2017
3035 3036 3033 3022 2998 2970 2948 2935 2927 2908 2878 2860 2836 2817 2800 2790 2781 2765 2751 2737 2726 2720 2706 2690 2680 2675 2667 2654 2646 2635 2625 2619 2610 2601 2586 2578 2571 2567 2559 2550 2541 2531 2527 2524 2518 2508 2499 2492 2485 2481 2483 2481 2475 2465 2448 2437 2429 2413 2397 2382 2367 2349 2330 2312 2294 2276 2257 2235 2215 2203 2187 2174 2166 2157 2144 2124 2109 2092 2079 2067 2053 2035 2021 2011
3040 3032 3019 2997 2983 2963 2944 2932 2919 2901 2874 2861 2839 2820 2804 2795 2785 2772 2758 2742 2728 2723 2709 2702 2692 2684 2676 2670 2657 2647 2634 2626 2619 2607 2591 2581 2579 2577 2571 2564 2561 2559 2556 2542 2534 2528 2522 2516 2513 2511 2508 2503 2493 2477 2463 2455 2446 2428 2413 2393 2384 2360 2351 2326 2301 2280 2265 2234 2221 2212 2194 2175 2164 2154 2144 2128 2112 2099 2086 2075 2060 2036 2017 2008
3048 3033 3013 2993 2976 2960 2942 2927 2914 2898 2875 2857 2839 2824 2808 2798 2788 2776 2762 2749 2739 2732 2724 2716 2706 2695 2688 2681 2672 2658 2647 2636 2628 2616 2600 2591 2589 2589 2586 2584 2585 2585 2586 2577 2562 2548 2536 2534 2531 2531 2527 2512 2506 2488 2476 2465 2456 2445 2429 2408 2387 2360 2349 2324 2292 2280 2263 2245 2224 2213 2196 2172 2163 2153 2143 2129 2114 2102 2091 2079 2063 2042 2026 2014
3053 3038 3007 2993 2977 2955 2938 2920 2907 2893 2875 2860 2844 2831 2816 2804 2793 2780 2765 2755 2752 2749 2744 2737 2729 2717 2707 2693 2684 2670 2659 2645 2637 2628 2615 2608 2605 2605 2607 2609 2610 2612 2612 2593 2584 2562 2549 2542 2542 2538 2529 2520 2509 2496 2483 2472 2460 2449 2433 2411 2383 2357 2341 2316 2288 2275 2262 2247 2229 2218 2194 2176 2156 2145 2138 2130 2117 2105 2092 2080 2068 2055 2042 2033
3056 3040 3016 2992 2975 2953 2934 2916 2903 2893 2880 2868 2855 2842 2829 2812 2800 2787 2774 2765 2764 2762 2760 2757 2753 2744 2733 2719 2702 2684 2671 2663 2657 2652 2646 2643 2641 2637 2633 2633 2631 2627 2624 2614 2592 2570 2558 2546 2541 2535 2527 2516 2505 2493 2481 2466 2453 2438 2425 2409 2380 2352 2333 2317 2290 2271 2258 2244 2229 2214 2196 2175 2158 2146 2135 2126 2116 2103 2090 2079 2067 2056 2046 2038
3059 3040 3019 2994 2976 2959 2940 2924 2910 2903 2891 2878 2864 2850 2834 2818 2805 2794 2785 2778 2777 2776 2777 2777 2773 2766 2754 2739 2722 2705 2695 2692 2691 2689 2687 2680 2675 2669 2663 2654 2649 2638 2632 2617 2597 2576 2567 2555 2537 2526 2518 2510 2497 2487 2466 2449 2439 2432 2421 2399 2375 2349 2327 2302 2284 2270 2258 2245 2228 2212 2193 2174 2159 2148 2138 2127 2116 2103 2088 2078 2069 2061 2054 2047
3067 3050 3029 3004 2985 2965 2951 2936 2926 2912 2902 2885 2871 2856 2840 2827 2815 2808 2805 2805 2802 2800 2799 2793 2783 2772 2764 2750 2738 2726 2722 2722 2721 2718 2714 2708 2697 2684 2679 2664 2656 2646 2630 2614 2595 2579 2569 2553 2536 2518 2506 2495 2485 2475 2460 2445 2434 2422 2403 2379 2359 2338 2319 2302 2282 2263 2254 2239 2228 2212 2193 2175 2159 2145 2135 2126 2120 2110 2100 2093 2084 2076 2066 2058
3070 3058 3039 3017 2999 2980 2965 2949 2934 2917 2902 2893 2875 2855 2850 2839 2830 2826 2827 2833 2836 2830 2819 2809 2793 2780 2768 2759 2751 2746 2743 2740 2738 2733 2731 2720 2712 2698 2680 2674 2656 2640 2621 2608 2588 2570 2559 2550 2532 2511 2494 2481 2472 2461 2452 2439 2423 2411 2391 2363 2346 2326 2311 2300 2292 2271 2254 2233 2227 2216 2199 2180 2163 2149 2141 2134 2130 2126 2119 2110 2098 2087 2080 2073
3084 3067 3049 3031 3011 2995 2984 2967 2944 2925 2913 2902 2884 2869 2861 2852 2845 2845 2849 2856 2858 2854 2845 2826 2805 2786 2774 2766 2765 2762 2758 2753 2750 2744 2733 2727 2716 2694 2682 2666 2649 2628 2613 2595 2574 2559 2546 2532 2516 2501 2487 2472 2461 2450 2441 2428 2410 2397 2377 2344 2331 2319 2304 2300 2296 2282 2258 2231 2226 2224 2213 2195 2176 2162 2153 2143 2135 2131 2126 2120 2114 2104 2098 2083
3098 3082 3064 3042 3023 3010 2996 2975 2951 2934 2921 2909 2895 2883 2874 2866 2865 2863 2868 2876 2877 2875 2856 2846 2821 2790 2779 2775 2772 2769 2768 2757 2757 2745 2725 2716 2690 2684 2668 2647 2632 2616 2602 2581 2563 2544 2528 2513 2502 2492 2480 2466 2453 2443 2434 2418 2403 2391 2370 2348 2332 2322 2315 2307 2293 2280 2265 2240 2234 2229 2224 2211 2197 2181 2169 2158 2152 2148 2141 2129 2118 2108 2101 2094
3106 3088 3066 3038 3025 3012 2993 2971 2967 2948 2931 2923 2913 2902 2893 2888 2883 2885 2886 2891 2889 2881 2877 2849 2825 2805 2791 2784 2777 2771 2766 2757 2746 2728 2711 2695 2680 2668 2657 2636 2613 2601 2591 2574 2554 2533 2522 2508 2495 2485 2471 2460 2451 2440 2433 2422 2401 2397 2374 2361 2347 2335 2326 2319 2305 2292 2279 2265 2247 2240 2233 2224 2217 2207 2196 2181 2171 2163 2151 2138 2122 2111 2103 2097
3105 3084 3059 3044 3034 3018 3001 2986 2970 2964 2953 2951 2945 2936 2922 2914 2909 2906 2906 2904 2902 2893 2876 2857 2839 2822 2808 2795 2782 2769 2759 2748 2733 2717 2701 2684 2670 2658 2644 2623 2609 2592 2581 2566 2548 2531 2520 2509 2498 2483 2465 2458 2454 2447 2442 2430 2417 2401 2394 2381 2364 2348 2340 2332 2324 2307 2295 2283 2271 2262 2250 2238 2229 2221 2212 2200 2188 2176 2162 2144 2130 2114 2101 2096
3107 3084 3065 3062 3044 3030 3014 3002 2982 2978 2975 2972 2967 2955 2945 2938 2934 2932 2929 2924 2909 2901 2880 2856 2848 2839 2827 2808 2784 2764 2753 2742 2728 2712 2681 2673 2660 2647 2635 2619 2608 2591 2575 2562 2545 2530 2522 2514 2500 2488 2482 2471 2467 2461 2455 2443 2433 2426 2418 2403 2387 2371 2357 2350 2340 2332 2320 2307 2293 2278 2266 2251 2238 2227 2215 2204 2191 2180 2170 2155 2142 2125 2109 2097
3101 3084 3073 3065 3059 3042 3027 3018 3012 3006 3000 2990 2979 2969 2963 2960 2959 2956 2949 2936 2926 2907 2875 2863 2853 2842 2831 2807 2777 2757 2747 2739 2724 2708 2683 2665 2654 2641 2627 2614 2603 2586 2573 2562 2551 2540 2530 2522 2512 2505 2494 2488 2484 2477 2471 2462 2457 2448 2441 2430 2411 2395 2381 2368 2356 2345 2333 2323 2311 2298 2284 2270 2253 2233 2219 2208 2198 2188 2177 2162 2147 2130 2116 2104
3110 3091 3087 3073 3070 3058 3057 3053 3047 3040 3030 3015 2996 2987 2983 2982 2981 2968 2962 2954 2928 2914 2884 2870 2854 2840 2822 2799 2776 2755 2746 2738 2725 2708 2684 2663 2647 2635 2624 2612 2601 2580 2571 2566 2561 2554 2545 2534 2526 2518 2507 2499 2494 2490 2483 2478 2473 2466 2460 2448 2428 2415 2406 2392 2374 2354 2344 2335 2327 2316 2302 2287 2269 2242 2223 2213 2205 2196 2183 2166 2152 2138 2124 2108
3128 3111 3096 3090 3086 3086 3084 3080 3068 3061 3049 3035 3020 3009 3002 2997 2987 2983 2966 2953 2929 2910 2893 2874 2853 2833 2810 2790 2771 2759 2747 2735 2723 2710 2686 2664 2647 2635 2626 2618 2606 2594 2582 2578 2573 2567 2560 2549 2536 2526 2516 2509 2504 2502 2499 2495 2488 2482 2476 2462 2448 2434 2423 2410 2389 2368 2356 2345 2333 2320 2306 2291 2279 2257 2227 2210 2200 2197 2190 2178 2163 2150 2133 2114
3150 3135 3123 3118 3117 3112 3106 3096 3083 3071 3057 3048 3036 3025 3012 3002 2992 2980 2965 2930 2912 2898 2889 2870 2848 2823 2803 2783 2766 2752 2739 2729 2720 2705 2685 2672 2652 2645 2638 2625 2616 2608 2602 2598 2590 2579 2571 2562 2550 2539 2528 2523 2521 2517 2515 2510 2506 2500 2495 2480 2461 2448 2440 2430 2402 2385 2366 2357 2339 2325 2313 2298 2282 2267 2246 2221 2205 2198 2193 2184 2176 2160 2141 2124
