input_highsierra/dem_highsierra.asc
ncols        489
nrows        262
xllcorner    -118.305972222165
yllcorner    36.536527777820
cellsize     0.000277777778
NODATA_value -9999
[rows 0 to 37 of 262, columns 168 to 251 of 489]
3103 3093 3081 3069 3059 3054 3049 3047 3045 3045 3044 3043 3040 3040 3037 3040 3050 3059 3099 3135 3154 3161 3148 3136 3121 3112 3088 3060 3035 3022 3013 3003 3000 2992 2980 2958 2938 2923 2913 2901 2884 2863 2848 2836 2827 2812 2803 2793 2777 2763 2750 2737 2725 2712 2700 2686 2674 2662 2651 2641 2635 2624 2607 2593 2585 2577 2563 2545 2534 2524 2519 2515 2524 2535 2543 2554 2567 2579 2590 2600 2613 2623 2640 2657
3105 3097 3090 3082 3075 3072 3068 3065 3062 3060 3061 3062 3063 3060 3063 3072 3071 3120 3148 3174 3165 3163 3158 3140 3127 3114 3099 3064 3042 3027 3015 3009 2996 2986 2974 2956 2930 2910 2899 2888 2876 2864 2853 2843 2837 2831 2823 2810 2793 2775 2760 2747 2736 2723 2710 2696 2686 2675 2663 2653 2645 2636 2622 2605 2592 2576 2556 2547 2537 2529 2526 2533 2544 2555 2563 2572 2580 2592 2605 2615 2625 2636 2648 2664
3117 3111 3103 3095 3092 3088 3086 3081 3078 3077 3077 3080 3076 3081 3092 3102 3134 3182 3188 3189 3179 3165 3157 3141 3126 3112 3094 3068 3051 3033 3020 3006 2996 2981 2962 2943 2918 2902 2890 2884 2877 2868 2861 2853 2847 2840 2832 2822 2808 2789 2773 2761 2748 2735 2723 2711 2700 2689 2674 2660 2653 2643 2631 2607 2592 2570 2557 2546 2538 2532 2533 2544 2559 2570 2578 2586 2593 2603 2614 2625 2637 2650 2665 2677
3124 3119 3115 3109 3103 3100 3096 3092 3093 3095 3096 3101 3106 3115 3135 3163 3202 3207 3199 3196 3182 3161 3142 3128 3115 3103 3083 3061 3045 3029 3014 3000 2985 2964 2947 2930 2910 2899 2890 2887 2880 2874 2866 2858 2853 2845 2838 2827 2812 2796 2785 2775 2760 2747 2735 2725 2713 2700 2684 2667 2658 2645 2627 2604 2580 2564 2557 2547 2541 2538 2545 2559 2573 2583 2589 2597 2606 2614 2625 2638 2651 2664 2676 2692
3132 3129 3125 3121 3119 3115 3112 3109 3115 3121 3124 3129 3138 3167 3192 3214 3220 3213 3213 3195 3168 3147 3131 3123 3106 3088 3070 3049 3035 3022 3003 2988 2971 2955 2934 2918 2908 2902 2896 2891 2887 2881 2875 2869 2863 2857 2848 2836 2823 2808 2799 2789 2774 2757 2747 2735 2724 2707 2689 2676 2663 2642 2619 2598 2581 2570 2559 2551 2548 2552 2564 2580 2590 2598 2602 2608 2614 2622 2635 2654 2669 2681 2694 2707
3147 3143 3141 3137 3135 3133 3131 3131 3138 3143 3155 3166 3183 3214 3226 3230 3230 3225 3210 3182 3154 3132 3119 3110 3095 3078 3065 3048 3029 3009 2992 2977 2964 2948 2934 2924 2916 2910 2905 2899 2893 2888 2881 2874 2867 2859 2854 2846 2834 2823 2811 2800 2782 2760 2752 2743 2732 2714 2690 2676 2662 2647 2626 2608 2593 2579 2567 2562 2560 2567 2578 2592 2607 2615 2617 2620 2628 2639 2655 2667 2680 2693 2709 2724
3161 3158 3155 3154 3150 3149 3150 3154 3155 3158 3176 3202 3226 3244 3244 3242 3236 3223 3202 3177 3156 3125 3109 3096 3088 3076 3060 3042 3024 3006 2988 2974 2963 2951 2938 2930 2923 2917 2910 2903 2894 2886 2878 2872 2868 2863 2861 2858 2848 2834 2822 2807 2791 2771 2758 2746 2732 2713 2697 2684 2669 2654 2637 2622 2608 2591 2579 2571 2574 2582 2595 2609 2621 2627 2631 2637 2648 2657 2672 2685 2700 2715 2733 2746
3173 3171 3170 3170 3169 3170 3166 3170 3177 3189 3217 3243 3268 3272 3255 3246 3233 3214 3194 3157 3138 3122 3101 3088 3079 3068 3053 3036 3020 3000 2984 2971 2962 2952 2940 2930 2920 2913 2903 2895 2886 2879 2876 2875 2873 2870 2869 2866 2860 2844 2826 2811 2796 2777 2760 2746 2731 2715 2704 2691 2675 2661 2646 2632 2615 2601 2590 2589 2590 2596 2610 2623 2631 2640 2647 2654 2665 2678 2693 2706 2722 2739 2751 2771
3180 3182 3186 3189 3193 3190 3191 3199 3210 3242 3265 3281 3278 3275 3268 3246 3225 3204 3183 3158 3143 3126 3106 3088 3077 3063 3047 3034 3018 2999 2982 2970 2959 2947 2935 2922 2911 2901 2895 2890 2886 2883 2881 2878 2876 2873 2871 2866 2856 2839 2821 2809 2796 2780 2763 2747 2734 2723 2713 2702 2686 2668 2642 2630 2616 2608 2600 2599 2604 2612 2624 2632 2638 2646 2656 2667 2679 2693 2708 2723 2740 2755 2777 2795
3197 3203 3206 3210 3219 3219 3223 3229 3252 3271 3289 3291 3281 3274 3271 3243 3227 3203 3183 3164 3145 3130 3104 3091 3069 3053 3042 3031 3015 2996 2983 2972 2958 2944 2929 2917 2908 2904 2900 2897 2893 2889 2885 2881 2879 2874 2869 2860 2845 2832 2821 2812 2801 2786 2772 2758 2743 2732 2722 2709 2692 2673 2646 2627 2618 2613 2610 2612 2618 2627 2636 2643 2647 2652 2661 2674 2689 2701 2714 2728 2745 2766 2794 2815
3219 3222 3230 3235 3242 3258 3263 3286 3297 3302 3292 3290 3285 3276 3248 3232 3215 3198 3179 3159 3141 3127 3103 3079 3061 3053 3039 3022 3004 2992 2983 2973 2957 2941 2930 2922 2915 2910 2905 2902 2897 2893 2889 2883 2878 2871 2865 2858 2848 2836 2824 2812 2799 2789 2779 2767 2754 2738 2725 2712 2698 2680 2649 2634 2626 2620 2621 2623 2628 2637 2646 2653 2659 2666 2674 2683 2696 2711 2721 2732 2754 2770 2793 2818
3250 3253 3255 3262 3273 3293 3310 3316 3321 3308 3301 3284 3270 3251 3233 3221 3201 3186 3165 3149 3137 3120 3095 3066 3054 3042 3030 3013 2998 2988 2979 2966 2955 2944 2935 2930 2925 2921 2915 2908 2903 2897 2892 2886 2879 2871 2868 2865 2860 2849 2836 2820 2804 2787 2781 2769 2754 2736 2724 2710 2700 2687 2671 2655 2638 2629 2627 2630 2638 2647 2661 2671 2680 2687 2694 2704 2713 2723 2736 2747 2759 2778 2794 2814
3279 3284 3281 3309 3324 3324 3322 3320 3321 3314 3301 3282 3254 3231 3206 3194 3183 3166 3155 3142 3125 3102 3069 3061 3048 3039 3025 3011 3000 2987 2974 2966 2957 2949 2942 2938 2935 2930 2923 2913 2905 2898 2895 2894 2888 2883 2879 2873 2867 2860 2849 2820 2799 2789 2779 2767 2753 2736 2723 2710 2698 2686 2671 2657 2643 2635 2636 2640 2651 2665 2679 2694 2703 2711 2718 2727 2735 2744 2753 2762 2773 2795 2807 2827
3300 3328 3337 3340 3331 3327 3322 3322 3314 3302 3293 3268 3229 3210 3181 3168 3157 3149 3140 3125 3106 3092 3059 3049 3044 3040 3029 3016 3003 2990 2978 2967 2955 2948 2941 2938 2936 2934 2929 2919 2909 2903 2898 2895 2895 2896 2892 2884 2873 2865 2852 2832 2815 2797 2782 2766 2753 2740 2730 2716 2703 2689 2672 2659 2651 2645 2645 2652 2666 2684 2697 2709 2719 2727 2737 2749 2757 2764 2771 2780 2792 2806 2826 2848
3366 3364 3354 3349 3339 3328 3324 3310 3295 3291 3271 3232 3207 3177 3159 3150 3142 3134 3125 3112 3094 3068 3058 3050 3046 3040 3028 3014 3003 2995 2988 2979 2968 2958 2951 2943 2941 2939 2935 2929 2921 2912 2904 2899 2901 2904 2903 2893 2881 2869 2858 2843 2825 2807 2785 2768 2753 2743 2736 2722 2708 2694 2676 2664 2657 2657 2660 2671 2684 2699 2711 2721 2730 2740 2749 2766 2776 2786 2791 2798 2811 2828 2841 2860
3374 3377 3368 3355 3343 3330 3303 3293 3280 3269 3235 3204 3183 3161 3145 3137 3129 3125 3114 3098 3085 3070 3059 3051 3044 3037 3026 3014 3006 2999 2992 2983 2976 2969 2961 2949 2946 2943 2940 2937 2933 2924 2919 2912 2911 2913 2912 2898 2876 2865 2857 2846 2825 2807 2792 2773 2760 2748 2736 2724 2713 2699 2680 2671 2668 2668 2675 2690 2703 2714 2726 2734 2743 2751 2762 2777 2794 2804 2813 2823 2831 2844 2856 2874
3388 3382 3371 3351 3339 3311 3300 3277 3266 3246 3224 3205 3190 3166 3144 3139 3124 3112 3101 3090 3081 3068 3058 3051 3043 3034 3023 3012 3006 2999 2995 2986 2981 2976 2966 2956 2950 2947 2947 2942 2939 2937 2935 2931 2930 2927 2920 2905 2881 2866 2852 2838 2820 2803 2792 2783 2768 2751 2739 2728 2716 2705 2692 2686 2682 2686 2698 2713 2723 2732 2743 2751 2758 2766 2777 2792 2807 2818 2833 2843 2852 2860 2873 2895
3383 3378 3356 3343 3310 3303 3275 3262 3245 3232 3216 3204 3193 3175 3156 3137 3120 3105 3095 3088 3079 3068 3059 3053 3047 3036 3025 3014 3007 3003 3001 2996 2989 2979 2970 2960 2955 2952 2952 2952 2951 2953 2955 2956 2952 2939 2929 2906 2883 2863 2848 2833 2816 2804 2796 2788 2777 2758 2743 2732 2718 2706 2699 2697 2700 2711 2719 2729 2739 2746 2753 2764 2774 2783 2793 2806 2823 2837 2852 2866 2873 2886 2903 2926
3392 3375 3330 3319 3299 3275 3256 3245 3234 3224 3211 3201 3190 3176 3157 3139 3123 3111 3099 3088 3082 3075 3068 3063 3054 3047 3031 3021 3011 3004 3004 2997 2992 2986 2979 2975 2971 2969 2967 2968 2967 2969 2974 2974 2965 2951 2937 2906 2886 2873 2859 2841 2820 2806 2797 2787 2775 2766 2753 2743 2726 2709 2706 2706 2715 2725 2730 2742 2750 2756 2764 2775 2787 2800 2812 2824 2841 2862 2875 2886 2900 2915 2932 2955
3384 3359 3321 3296 3282 3265 3247 3237 3227 3218 3207 3194 3182 3167 3150 3138 3127 3120 3107 3096 3090 3083 3074 3066 3058 3046 3035 3025 3015 3009 3006 3004 3003 3002 2999 2997 2994 2991 2993 2991 2990 2988 2983 2977 2967 2958 2945 2915 2899 2885 2871 2855 2838 2818 2801 2790 2783 2777 2764 2744 2725 2717 2716 2720 2729 2736 2746 2758 2767 2776 2790 2797 2804 2812 2824 2839 2857 2878 2894 2908 2923 2941 2960 2983
3382 3328 3300 3282 3272 3262 3244 3230 3221 3212 3200 3187 3174 3159 3147 3137 3129 3121 3114 3100 3094 3085 3079 3072 3062 3051 3042 3038 3034 3028 3027 3030 3034 3039 3030 3025 3022 3021 3024 3023 3015 3005 2991 2982 2974 2967 2956 2933 2915 2899 2886 2868 2853 2833 2810 2798 2791 2780 2767 2744 2733 2723 2725 2731 2738 2746 2760 2774 2786 2801 2813 2819 2824 2827 2837 2850 2869 2889 2914 2935 2951 2962 2982 3013
3362 3322 3294 3279 3267 3251 3235 3222 3211 3201 3192 3183 3175 3164 3150 3142 3136 3131 3124 3114 3107 3099 3087 3075 3068 3061 3057 3056 3065 3065 3068 3064 3064 3066 3062 3056 3060 3065 3068 3057 3043 3027 3012 2999 2990 2979 2965 2947 2928 2914 2893 2873 2861 2843 2820 2800 2790 2776 2771 2762 2740 2734 2742 2751 2759 2766 2778 2788 2801 2818 2832 2839 2842 2847 2852 2864 2881 2904 2933 2948 2966 2984 3018 3031
3347 3311 3297 3274 3256 3243 3230 3218 3209 3202 3195 3187 3180 3171 3160 3150 3142 3136 3127 3120 3113 3107 3101 3097 3092 3090 3090 3091 3097 3098 3093 3087 3082 3082 3084 3092 3095 3096 3098 3097 3068 3052 3040 3017 2999 2983 2972 2944 2932 2920 2897 2877 2861 2845 2826 2800 2794 2792 2778 2774 2760 2760 2769 2778 2786 2792 2798 2806 2822 2839 2849 2860 2866 2871 2873 2883 2897 2917 2938 2961 2990 3020 3038 3044
3343 3313 3292 3269 3257 3246 3232 3220 3209 3202 3198 3190 3184 3175 3162 3154 3150 3144 3135 3130 3127 3125 3123 3121 3121 3122 3120 3122 3120 3116 3115 3111 3111 3113 3117 3123 3126 3124 3124 3107 3102 3073 3050 3035 3013 2984 2963 2952 2938 2923 2904 2873 2858 2845 2832 2809 2800 2791 2790 2786 2783 2784 2792 2795 2803 2810 2821 2830 2845 2857 2873 2886 2901 2906 2904 2906 2916 2943 2950 2980 3020 3042 3057 3057
3336 3309 3291 3269 3258 3247 3234 3221 3212 3206 3202 3197 3187 3178 3172 3168 3162 3157 3153 3151 3147 3146 3146 3148 3147 3144 3140 3134 3132 3132 3140 3146 3151 3151 3150 3153 3154 3140 3127 3128 3103 3081 3057 3032 3007 2979 2963 2947 2926 2903 2887 2874 2861 2848 2837 2821 2808 2807 2799 2791 2796 2802 2808 2816 2825 2834 2845 2855 2867 2882 2900 2914 2929 2940 2937 2936 2943 2951 2985 3011 3039 3058 3062 3063
3316 3300 3289 3274 3266 3254 3240 3229 3219 3216 3212 3207 3200 3193 3190 3188 3185 3181 3177 3174 3173 3174 3176 3176 3170 3164 3159 3156 3157 3165 3173 3176 3176 3173 3170 3160 3152 3147 3135 3122 3101 3075 3046 3025 2996 2973 2943 2926 2919 2906 2884 2867 2857 2848 2849 2834 2828 2822 2816 2822 2823 2826 2833 2844 2849 2857 2872 2881 2890 2911 2933 2947 2958 2962 2963 2964 2964 2988 3002 3028 3048 3063 3068 3066
3318 3306 3293 3283 3271 3260 3247 3238 3234 3227 3224 3215 3212 3209 3208 3212 3215 3216 3216 3216 3213 3209 3207 3205 3202 3200 3202 3200 3203 3203 3199 3194 3188 3184 3177 3159 3152 3133 3119 3102 3074 3055 3032 3011 2987 2957 2933 2922 2912 2904 2885 2871 2859 2848 2842 2841 2842 2840 2845 2849 2849 2848 2851 2860 2870 2885 2899 2912 2932 2948 2968 2980 2989 2987 2995 2994 2988 2996 3014 3032 3061 3075 3078 3074
3320 3308 3299 3288 3285 3270 3255 3251 3245 3240 3235 3228 3233 3241 3251 3258 3266 3266 3264 3265 3259 3251 3250 3251 3246 3247 3248 3244 3234 3222 3208 3196 3189 3179 3167 3148 3123 3113 3100 3080 3049 3029 3017 2997 2973 2950 2937 2926 2916 2905 2894 2881 2868 2852 2848 2850 2855 2859 2864 2866 2867 2868 2873 2881 2899 2919 2938 2955 2968 2981 3004 3014 3016 3018 3022 3029 3010 3015 3028 3048 3069 3080 3085 3080
3329 3315 3307 3296 3295 3274 3269 3265 3270 3276 3268 3270 3278 3299 3310 3308 3306 3306 3300 3302 3298 3295 3296 3288 3288 3281 3264 3259 3251 3239 3216 3191 3176 3167 3148 3124 3109 3099 3081 3068 3049 3026 3014 2993 2976 2954 2945 2934 2921 2904 2888 2885 2881 2871 2858 2864 2869 2876 2885 2891 2895 2899 2902 2911 2927 2949 2969 2993 2995 3034 3042 3048 3050 3047 3049 3047 3038 3036 3046 3069 3075 3088 3091 3085
3344 3326 3318 3309 3308 3292 3277 3276 3275 3285 3300 3318 3327 3343 3344 3343 3340 3330 3327 3325 3329 3327 3314 3310 3298 3290 3280 3265 3258 3240 3214 3191 3170 3154 3135 3118 3105 3090 3074 3063 3053 3029 3015 2996 2975 2961 2948 2938 2924 2907 2899 2889 2891 2883 2885 2882 2890 2897 2906 2914 2921 2924 2928 2934 2949 2968 2988 3007 3032 3039 3069 3076 3079 3075 3064 3065 3063 3062 3068 3077 3094 3107 3106 3098
3353 3338 3331 3323 3315 3310 3298 3298 3306 3323 3357 3368 3378 3380 3378 3368 3366 3364 3360 3361 3348 3345 3328 3317 3301 3294 3283 3265 3245 3224 3212 3189 3160 3147 3134 3120 3107 3090 3082 3070 3054 3032 3019 3008 2985 2960 2947 2931 2919 2913 2904 2899 2901 2894 2901 2908 2915 2919 2923 2930 2940 2945 2948 2955 2964 2984 3001 3017 3042 3063 3082 3095 3099 3097 3088 3085 3088 3088 3090 3106 3118 3125 3123 3112
3357 3346 3342 3333 3333 3336 3328 3334 3355 3373 3408 3419 3422 3426 3426 3419 3407 3401 3393 3378 3363 3350 3334 3315 3296 3283 3271 3252 3227 3211 3197 3182 3167 3147 3131 3117 3110 3098 3089 3077 3057 3032 3023 3014 2991 2971 2953 2935 2924 2925 2909 2912 2917 2921 2922 2929 2938 2941 2944 2947 2951 2954 2959 2969 2981 2992 3005 3017 3037 3063 3090 3106 3114 3113 3111 3110 3108 3116 3119 3132 3144 3144 3133 3119
3366 3360 3355 3352 3351 3348 3357 3372 3401 3436 3445 3450 3452 3454 3454 3446 3425 3412 3405 3391 3369 3351 3327 3311 3286 3275 3261 3237 3218 3208 3196 3184 3172 3159 3148 3136 3123 3101 3092 3068 3038 3024 3017 3010 2994 2983 2966 2948 2941 2942 2943 2943 2942 2942 2945 2960 2963 2963 2962 2962 2967 2974 2983 2993 2998 3002 3011 3023 3039 3065 3093 3117 3129 3137 3140 3136 3138 3145 3158 3165 3169 3154 3149 3127
3391 3382 3376 3374 3378 3378 3396 3426 3440 3468 3477 3484 3486 3482 3468 3455 3441 3419 3403 3394 3378 3350 3327 3304 3280 3273 3258 3235 3219 3207 3200 3185 3175 3165 3157 3147 3124 3093 3080 3058 3037 3024 3013 3002 3006 2993 2976 2964 2962 2968 2969 2970 2972 2970 2972 2983 2990 2993 2989 2988 2992 2999 3007 3014 3019 3023 3030 3040 3064 3072 3097 3125 3137 3160 3168 3174 3170 3172 3178 3181 3170 3170 3150 3126
3403 3399 3398 3398 3406 3416 3430 3461 3490 3503 3511 3512 3506 3503 3484 3467 3447 3423 3396 3384 3371 3344 3326 3303 3288 3274 3265 3249 3229 3212 3194 3178 3171 3169 3158 3148 3130 3094 3070 3045 3035 3029 3020 3015 3009 3001 2991 2972 2977 2982 2986 2991 2995 2995 3003 3010 3020 3025 3023 3018 3016 3018 3023 3028 3036 3045 3053 3063 3073 3083 3095 3136 3167 3169 3190 3191 3191 3193 3192 3188 3177 3163 3144 3124
3413 3412 3414 3421 3441 3450 3479 3506 3524 3533 3535 3529 3519 3506 3506 3483 3473 3428 3402 3384 3355 3349 3328 3313 3305 3281 3270 3262 3240 3215 3196 3177 3165 3159 3150 3144 3131 3103 3074 3050 3042 3035 3025 3020 3015 3008 3006 2993 2999 3001 3005 3010 3016 3022 3026 3037 3046 3055 3060 3056 3049 3045 3046 3051 3058 3068 3078 3086 3090 3097 3124 3129 3173 3196 3208 3211 3211 3209 3203 3192 3174 3156 3142 3126
3430 3428 3437 3454 3471 3490 3514 3540 3551 3555 3550 3539 3523 3513 3504 3487 3471 3434 3410 3387 3360 3342 3333 3320 3314 3284 3275 3260 3240 3219 3191 3170 3166 3156 3150 3141 3127 3101 3079 3068 3049 3047 3032 3031 3027 3025 3022 3022 3023 3023 3022 3034 3046 3049 3053 3057 3071 3084 3090 3090 3081 3073 3075 3083 3096 3107 3113 3120 3117 3119 3134 3162 3192 3210 3224 3228 3224 3218 3211 3198 3185 3167 3151 3139
3444 3444 3458 3479 3499 3519 3545 3570 3581 3576 3566 3554 3544 3525 3501 3484 3461 3438 3415 3387 3388 3365 3332 3323 3307 3292 3266 3255 3240 3210 3184 3168 3164 3155 3145 3141 3127 3109 3091 3079 3073 3056 3054 3052 3051 3052 3053 3053 3049 3054 3055 3064 3071 3075 3077 3084 3095 3107 3114 3115 3111 3104 3106 3118 3131 3144 3149 3153 3154 3155 3166 3185 3202 3221 3233 3242 3241 3231 3212 3203 3199 3181 3165 3158
